Frequency (Hz)	Level (dB)
10.766602	-63.491791
21.533203	-79.469688
32.299805	-74.023956
43.066406	-68.825790
53.833008	-66.558784
64.599609	-67.643684
75.366211	-64.280205
86.132812	-63.831535
96.899414	-66.883873
107.666016	-69.072975
118.432617	-71.078125
129.199219	-71.867729
139.965820	-70.573502
150.732422	-68.759743
161.499023	-65.273643
172.265625	-65.996941
183.032227	-62.984188
193.798828	-60.447605
204.565430	-57.318638
215.332031	-56.879704
226.098633	-51.170719
236.865234	-40.003906
247.631836	-34.450169
258.398438	-36.917797
269.165039	-35.518692
279.931641	-31.699915
290.698242	-35.857765
301.464844	-47.179874
312.231445	-45.869980
322.998047	-32.250294
333.764648	-29.324560
344.531250	-35.213711
355.297852	-49.541943
366.064453	-59.578251
376.831055	-64.717911
387.597656	-60.935387
398.364258	-48.677879
409.130859	-36.907806
419.897461	-33.547604
430.664062	-38.089779
441.430664	-49.493664
452.197266	-62.362419
462.963867	-63.107357
473.730469	-54.963322
484.497070	-40.621941
495.263672	-35.094830
506.030273	-38.178780
516.796875	-48.280357
527.563477	-57.472282
538.330078	-50.445381
549.096680	-40.264404
559.863281	-37.791573
570.629883	-41.131805
581.396484	-49.329441
592.163086	-57.735569
602.929688	-64.108124
613.696289	-69.353653
624.462891	-66.338943
635.229492	-55.713982
645.996094	-44.314095
656.762695	-38.195908
667.529297	-36.779453
678.295898	-39.322330
689.062500	-46.200577
699.829102	-57.187191
710.595703	-64.984879
721.362305	-68.230637
732.128906	-69.765800
742.895508	-70.864906
753.662109	-69.463799
764.428711	-67.260117
775.195312	-66.773926
785.961914	-63.960548
796.728516	-60.117809
807.495117	-52.006779
818.261719	-40.492226
829.028320	-35.494686
839.794922	-37.420795
850.561523	-39.943218
861.328125	-43.721275
872.094727	-49.604340
882.861328	-58.814407
893.627930	-64.005981
904.394531	-66.638390
915.161133	-68.495911
925.927734	-70.711113
936.694336	-72.080917
947.460938	-75.634529
958.227539	-78.697243
968.994141	-78.355141
979.760742	-76.241951
990.527344	-73.599350
1001.293945	-74.147560
1012.060547	-75.812805
1022.827148	-77.738724
1033.593750	-79.895630
1044.360352	-82.803101
1055.126953	-83.484230
1065.893555	-81.921547
1076.660156	-81.904610
1087.426758	-82.944931
1098.193359	-82.007187
1108.959961	-81.734596
1119.726562	-81.646378
1130.493164	-82.204750
1141.259766	-84.116051
1152.026367	-84.171158
1162.792969	-82.361893
1173.559570	-82.009636
1184.326172	-83.430489
1195.092773	-86.386620
1205.859375	-85.901459
1216.625977	-84.656311
1227.392578	-82.550865
1238.159180	-79.428146
1248.925781	-77.148949
1259.692383	-76.799294
1270.458984	-77.556328
1281.225586	-79.545494
1291.992188	-82.754326
1302.758789	-84.019318
1313.525391	-80.917641
1324.291992	-78.870018
1335.058594	-80.159721
1345.825195	-82.522903
1356.591797	-82.103958
1367.358398	-83.426178
1378.125000	-84.691917
1388.891602	-84.059914
1399.658203	-85.185684
1410.424805	-87.910713
1421.191406	-88.568710
1431.958008	-88.014923
1442.724609	-86.625496
1453.491211	-84.818039
1464.257812	-81.942398
1475.024414	-78.591232
1485.791016	-76.745094
1496.557617	-77.447861
1507.324219	-80.508209
1518.090820	-82.971802
1528.857422	-84.662552
1539.624023	-84.567909
1550.390625	-84.653961
1561.157227	-85.919701
1571.923828	-85.773621
1582.690430	-86.414925
1593.457031	-86.942978
1604.223633	-84.086624
1614.990234	-82.869034
1625.756836	-82.771797
1636.523438	-81.179367
1647.290039	-76.195206
1658.056641	-73.449944
1668.823242	-73.129402
1679.589844	-75.525421
1690.356445	-75.637421
1701.123047	-77.429482
1711.889648	-78.237480
1722.656250	-78.800285
1733.422852	-79.711655
1744.189453	-80.103577
1754.956055	-80.001450
1765.722656	-80.124008
1776.489258	-80.043503
1787.255859	-83.386772
1798.022461	-85.429146
1808.789062	-84.186371
1819.555664	-83.928299
1830.322266	-84.274513
1841.088867	-83.497536
1851.855469	-84.505104
1862.622070	-86.180359
1873.388672	-85.828987
1884.155273	-83.302147
1894.921875	-83.205933
1905.688477	-84.743073
1916.455078	-84.133926
1927.221680	-82.017418
1937.988281	-80.822769
1948.754883	-79.299767
1959.521484	-78.595680
1970.288086	-78.643494
1981.054688	-77.178619
1991.821289	-76.065437
2002.587891	-77.640671
2013.354492	-79.919510
2024.121094	-79.883408
2034.887695	-81.526169
2045.654297	-84.221199
2056.420898	-85.863472
2067.187500	-86.917519
2077.954102	-84.177048
2088.720703	-83.395744
2099.487305	-83.888626
2110.253906	-85.012115
2121.020508	-85.227371
2131.787109	-85.680542
2142.553711	-85.032654
2153.320312	-85.874947
2164.086914	-85.085579
2174.853516	-86.168549
2185.620117	-87.202347
2196.386719	-85.901695
2207.153320	-84.910309
2217.919922	-82.868538
2228.686523	-82.316353
2239.453125	-84.987877
2250.219727	-85.326447
2260.986328	-85.640465
2271.752930	-86.004189
2282.519531	-85.407715
2293.286133	-84.023468
2304.052734	-82.653770
2314.819336	-82.740402
2325.585938	-82.868805
2336.352539	-83.714371
2347.119141	-85.179413
2357.885742	-86.726784
2368.652344	-87.726006
2379.418945	-89.291573
2390.185547	-89.999420
2400.952148	-89.792053
2411.718750	-89.678261
2422.485352	-89.881859
2433.251953	-88.653244
2444.018555	-88.697914
2454.785156	-88.945213
2465.551758	-86.843727
2476.318359	-84.446045
2487.084961	-82.339462
2497.851562	-82.756836
2508.618164	-83.522194
2519.384766	-83.564827
2530.151367	-84.456230
2540.917969	-86.348648
2551.684570	-87.412407
2562.451172	-89.051773
2573.217773	-91.789001
2583.984375	-94.022446
2594.750977	-95.025352
2605.517578	-95.947632
2616.284180	-98.223846
2627.050781	-97.916092
2637.817383	-98.172119
2648.583984	-97.991493
2659.350586	-99.055557
2670.117188	-100.488564
2680.883789	-98.811180
2691.650391	-99.242332
2702.416992	-100.044609
2713.183594	-100.029419
2723.950195	-101.156181
2734.716797	-100.130043
2745.483398	-97.429489
2756.250000	-96.277634
2767.016602	-98.797379
2777.783203	-98.529312
2788.549805	-96.482193
2799.316406	-95.105133
2810.083008	-96.670586
2820.849609	-98.846298
2831.616211	-99.436234
2842.382812	-101.987488
2853.149414	-102.652870
2863.916016	-103.711449
2874.682617	-102.059723
2885.449219	-99.878441
2896.215820	-99.191048
2906.982422	-99.220116
2917.749023	-100.250549
2928.515625	-99.973259
2939.282227	-97.748032
2950.048828	-97.735229
2960.815430	-99.256592
2971.582031	-100.591988
2982.348633	-102.583191
2993.115234	-103.757446
3003.881836	-103.968925
3014.648438	-105.160408
3025.415039	-106.129417
3036.181641	-106.935875
3046.948242	-106.709412
3057.714844	-105.881859
3068.481445	-106.219742
3079.248047	-106.400742
3090.014648	-105.240295
3100.781250	-105.754440
3111.547852	-107.721786
3122.314453	-105.396645
3133.081055	-104.617432
3143.847656	-106.354507
3154.614258	-103.772163
3165.380859	-104.136932
3176.147461	-104.299423
3186.914062	-101.393761
3197.680664	-102.326424
3208.447266	-103.382065
3219.213867	-103.907425
3229.980469	-105.021492
3240.747070	-103.238945
3251.513672	-103.878677
3262.280273	-104.458893
3273.046875	-102.622589
3283.813477	-105.378609
3294.580078	-104.630836
3305.346680	-103.170166
3316.113281	-103.959793
3326.879883	-103.227364
3337.646484	-103.937225
3348.413086	-104.348045
3359.179688	-102.546349
3369.946289	-104.330177
3380.712891	-105.026474
3391.479492	-104.135803
3402.246094	-105.835030
3413.012695	-103.886047
3423.779297	-104.072563
3434.545898	-103.701988
3445.312500	-101.635857
3456.079102	-104.954399
3466.845703	-104.194519
3477.612305	-103.551575
3488.378906	-105.017746
3499.145508	-102.993156
3509.912109	-104.550224
3520.678711	-105.071198
3531.445312	-102.135345
3542.211914	-104.085876
3552.978516	-103.624054
3563.745117	-102.567215
3574.511719	-103.709908
3585.278320	-102.611916
3596.044922	-103.089653
3606.811523	-105.218063
3617.578125	-102.855766
3628.344727	-105.221474
3639.111328	-105.088516
3649.877930	-104.281372
3660.644531	-105.596947
3671.411133	-104.333504
3682.177734	-103.882919
3692.944336	-103.263794
3703.710938	-102.290932
3714.477539	-104.422485
3725.244141	-106.135002
3736.010742	-106.131035
3746.777344	-106.905220
3757.543945	-106.482994
3768.310547	-107.482071
3779.077148	-106.941055
3789.843750	-104.024689
3800.610352	-106.017242
3811.376953	-106.281151
3822.143555	-105.918671
3832.910156	-106.395973
3843.676758	-104.856361
3854.443359	-105.594597
3865.209961	-104.286362
3875.976562	-102.157722
3886.743164	-104.676277
3897.509766	-105.246376
3908.276367	-103.697662
3919.042969	-104.917763
3929.809570	-101.916382
3940.576172	-102.085121
3951.342773	-105.265305
3962.109375	-103.121635
3972.875977	-104.653816
3983.642578	-102.684357
3994.409180	-101.931145
4005.175781	-103.911812
4015.942383	-102.940620
4026.708984	-102.758034
4037.475586	-103.722855
4048.242188	-101.014946
4059.008789	-103.021942
4069.775391	-104.070580
4080.541992	-102.986183
4091.308594	-104.147011
4102.075195	-103.740120
4112.841797	-104.928139
4123.608398	-106.342590
4134.375000	-104.207840
4145.141602	-106.228088
4155.908203	-106.367683
4166.674805	-105.608253
4177.441406	-104.819252
4188.208008	-104.764656
4198.974609	-105.459122
4209.741211	-105.156822
4220.507812	-102.849480
4231.274414	-104.985863
4242.041016	-105.474731
4252.807617	-104.278053
4263.574219	-103.749397
4274.340820	-103.946953
4285.107422	-106.181778
4295.874023	-108.684875
4306.640625	-105.487961
4317.407227	-105.472000
4328.173828	-106.969131
4338.940430	-107.700027
4349.707031	-107.169685
4360.473633	-106.635780
4371.240234	-107.724007
4382.006836	-107.370903
4392.773438	-104.668968
4403.540039	-108.201477
4414.306641	-109.101807
4425.073242	-109.551445
4435.839844	-110.813400
4446.606445	-110.508202
4457.373047	-109.773003
4468.139648	-108.779572
4478.906250	-106.417870
4489.672852	-108.456192
4500.439453	-109.569580
4511.206055	-108.057335
4521.972656	-108.453300
4532.739258	-108.314468
4543.505859	-107.988197
4554.272461	-108.170906
4565.039062	-104.739372
4575.805664	-106.532532
4586.572266	-106.393570
4597.338867	-105.360985
4608.105469	-107.390411
4618.872070	-105.808426
4629.638672	-106.450706
4640.405273	-107.063568
4651.171875	-104.635063
4661.938477	-106.880257
4672.705078	-108.375732
4683.471680	-108.508331
4694.238281	-109.472542
4705.004883	-107.447899
4715.771484	-109.003235
4726.538086	-110.894783
4737.304688	-107.508598
4748.071289	-108.754585
4758.837891	-111.763954
4769.604492	-111.007362
4780.371094	-111.959785
4791.137695	-112.845467
4801.904297	-113.261940
4812.670898	-110.785027
4823.437500	-107.262794
4834.204102	-109.976540
4844.970703	-111.229301
4855.737305	-112.067413
4866.503906	-110.988304
4877.270508	-112.142754
4888.037109	-111.594536
4898.803711	-109.391815
4909.570312	-108.661758
4920.336914	-112.017113
4931.103516	-113.252754
4941.870117	-113.562286
4952.636719	-114.037247
4963.403320	-115.607239
4974.169922	-115.493965
4984.936523	-115.270752
4995.703125	-113.697586
5006.469727	-112.620682
5017.236328	-112.619225
5028.002930	-109.960861
5038.769531	-107.587341
5049.536133	-108.369896
5060.302734	-109.050232
5071.069336	-107.075981
5081.835938	-105.933113
5092.602539	-108.313004
5103.369141	-109.274582
5114.135742	-109.319191
5124.902344	-109.100288
5135.668945	-109.020653
5146.435547	-109.632439
5157.202148	-109.779160
5167.968750	-108.400421
5178.735352	-109.366615
5189.501953	-110.536957
5200.268555	-111.375122
5211.035156	-110.380058
5221.801758	-111.590424
5232.568359	-113.401749
5243.334961	-113.317650
5254.101562	-110.817352
5264.868164	-111.644073
5275.634766	-113.726936
5286.401367	-111.153648
5297.167969	-109.646446
5307.934570	-112.115280
5318.701172	-113.452301
5329.467773	-111.937935
5340.234375	-110.809624
5351.000977	-110.989021
5361.767578	-112.235649
5372.534180	-112.322647
5383.300781	-111.022827
5394.067383	-112.814598
5404.833984	-113.913132
5415.600586	-112.014275
5426.367188	-109.478020
5437.133789	-111.696564
5447.900391	-114.826157
5458.666992	-114.146286
5469.433594	-111.816681
5480.200195	-111.809433
5490.966797	-111.655869
5501.733398	-112.090919
5512.500000	-111.205536
5523.266602	-112.603203
5534.033203	-113.473000
5544.799805	-112.292351
5555.566406	-112.154404
5566.333008	-114.577011
5577.099609	-114.179970
5587.866211	-113.705261
5598.632812	-112.294968
5609.399414	-113.854027
5620.166016	-115.548691
5630.932617	-114.662430
5641.699219	-115.277374
5652.465820	-114.535095
5663.232422	-114.021416
5673.999023	-114.073471
5684.765625	-112.861542
5695.532227	-114.826057
5706.298828	-113.966187
5717.065430	-113.442101
5727.832031	-114.101227
5738.598633	-112.672836
5749.365234	-112.815773
5760.131836	-111.528717
5770.898438	-110.531853
5781.665039	-110.929604
5792.431641	-112.749748
5803.198242	-111.944908
5813.964844	-109.972237
5824.731445	-111.693718
5835.498047	-113.115143
5846.264648	-113.316925
5857.031250	-111.832199
5867.797852	-113.543472
5878.564453	-113.815430
5889.331055	-112.713112
5900.097656	-111.647606
5910.864258	-112.881210
5921.630859	-113.921913
5932.397461	-114.114632
5943.164062	-114.335495
5953.930664	-114.762512
5964.697266	-113.917191
5975.463867	-112.735390
5986.230469	-112.575272
5996.997070	-113.774529
6007.763672	-113.848610
6018.530273	-113.885529
6029.296875	-111.472450
6040.063477	-111.452454
6050.830078	-112.060013
6061.596680	-111.519035
6072.363281	-110.357491
6083.129883	-112.125793
6093.896484	-112.787132
6104.663086	-109.503906
6115.429688	-108.073479
6126.196289	-109.998802
6136.962891	-112.090599
6147.729492	-111.850998
6158.496094	-110.911972
6169.262695	-111.675674
6180.029297	-113.193832
6190.795898	-112.400597
6201.562500	-109.702271
6212.329102	-111.302155
6223.095703	-113.012329
6233.862305	-112.364128
6244.628906	-111.423317
6255.395508	-112.938324
6266.162109	-113.453804
6276.928711	-114.316643
6287.695312	-113.898201
6298.461914	-114.128929
6309.228516	-114.394569
6319.995117	-114.518059
6330.761719	-114.726707
6341.528320	-114.747986
6352.294922	-113.948547
6363.061523	-114.299889
6373.828125	-114.074661
6384.594727	-113.594315
6395.361328	-113.381805
6406.127930	-112.511803
6416.894531	-111.507515
6427.661133	-111.725861
6438.427734	-113.459000
6449.194336	-112.271873
6459.960938	-112.344261
6470.727539	-114.494354
6481.494141	-114.199219
6492.260742	-112.891624
6503.027344	-112.603249
6513.793945	-113.040779
6524.560547	-112.236603
6535.327148	-111.580467
6546.093750	-109.376091
6556.860352	-111.166664
6567.626953	-112.044624
6578.393555	-110.992729
6589.160156	-110.920227
6599.926758	-110.943451
6610.693359	-110.428726
6621.459961	-111.707611
6632.226562	-111.487160
6642.993164	-111.811234
6653.759766	-110.831772
6664.526367	-109.612579
6675.292969	-110.348236
6686.059570	-111.123344
6696.826172	-112.296455
6707.592773	-112.317467
6718.359375	-110.709000
6729.125977	-110.943329
6739.892578	-110.285439
6750.659180	-109.015739
6761.425781	-109.420250
6772.192383	-110.705849
6782.958984	-110.858421
6793.725586	-112.241623
6804.492188	-110.788857
6815.258789	-110.776711
6826.025391	-111.692703
6836.791992	-110.242149
6847.558594	-109.209457
6858.325195	-111.107140
6869.091797	-111.307617
6879.858398	-110.234535
6890.625000	-106.725609
6901.391602	-109.958710
6912.158203	-110.466576
6922.924805	-109.364136
6933.691406	-109.159927
6944.458008	-111.328697
6955.224609	-111.415756
6965.991211	-111.684898
6976.757812	-111.665321
6987.524414	-111.616653
6998.291016	-110.788979
7009.057617	-110.789230
7019.824219	-110.306892
7030.590820	-111.376480
7041.357422	-112.570923
7052.124023	-112.035881
7062.890625	-110.864746
7073.657227	-111.993980
7084.423828	-110.338577
7095.190430	-109.943672
7105.957031	-110.464600
7116.723633	-111.405006
7127.490234	-112.460083
7138.256836	-111.705475
7149.023438	-111.614464
7159.790039	-112.889618
7170.556641	-111.770599
7181.323242	-110.882256
7192.089844	-108.957573
7202.856445	-111.416725
7213.623047	-113.208542
7224.389648	-112.792404
7235.156250	-113.314659
7245.922852	-112.847267
7256.689453	-113.484688
7267.456055	-112.053230
7278.222656	-110.160591
7288.989258	-111.299675
7299.755859	-110.980118
7310.522461	-109.417664
7321.289062	-110.894707
7332.055664	-111.406425
7342.822266	-112.141602
7353.588867	-110.981110
7364.355469	-110.877823
7375.122070	-112.265488
7385.888672	-112.105537
7396.655273	-112.103683
7407.421875	-112.080132
7418.188477	-111.366249
7428.955078	-111.246742
7439.721680	-111.114937
7450.488281	-110.922874
7461.254883	-112.221542
7472.021484	-112.156731
7482.788086	-111.188614
7493.554688	-112.024818
7504.321289	-111.641533
7515.087891	-113.032433
7525.854492	-111.774429
7536.621094	-109.705841
7547.387695	-111.303368
7558.154297	-110.860168
7568.920898	-110.197723
7579.687500	-109.244804
7590.454102	-109.467659
7601.220703	-111.513878
7611.987305	-110.773224
7622.753906	-108.083168
7633.520508	-110.810608
7644.287109	-114.472069
7655.053711	-113.027824
7665.820312	-112.459129
7676.586914	-113.502792
7687.353516	-114.000000
7698.120117	-112.048561
7708.886719	-112.298004
7719.653320	-114.720169
7730.419922	-115.010902
7741.186523	-113.578766
7751.953125	-112.496429
7762.719727	-113.435966
7773.486328	-111.281120
7784.252930	-110.205986
7795.019531	-110.340828
7805.786133	-111.567459
7816.552734	-111.725464
7827.319336	-112.079422
7838.085938	-111.998108
7848.852539	-112.263290
7859.619141	-112.601250
7870.385742	-112.513504
7881.152344	-110.259354
7891.918945	-111.371429
7902.685547	-112.164688
7913.452148	-111.619370
7924.218750	-111.591309
7934.985352	-111.725479
7945.751953	-111.375900
7956.518555	-109.501213
7967.285156	-108.227943
7978.051758	-110.508606
7988.818359	-111.721054
7999.584961	-111.488770
8010.351562	-112.374756
8021.118164	-111.520935
8031.884766	-111.447121
8042.651367	-110.558556
8053.417969	-108.645874
8064.184570	-110.782784
8074.951172	-112.399574
8085.717773	-111.561127
8096.484375	-111.763054
8107.250977	-112.381660
8118.017578	-113.083153
8128.784180	-111.808876
8139.550781	-110.318565
8150.317383	-112.562057
8161.083984	-111.312859
8171.850586	-110.393387
8182.617188	-110.258881
8193.383789	-110.451820
8204.150391	-111.086357
8214.916992	-110.065613
8225.683594	-107.573311
8236.450195	-110.017578
8247.216797	-110.104263
8257.983398	-109.121208
8268.750000	-107.115829
8279.516602	-108.150513
8290.283203	-111.315277
8301.049805	-111.737045
8311.816406	-110.639030
8322.583008	-113.372337
8333.349609	-114.904343
8344.116211	-111.982948
8354.882812	-110.339333
8365.649414	-112.041893
8376.416016	-113.257980
8387.182617	-111.957504
8397.949219	-110.078522
8408.715820	-111.891243
8419.482422	-112.332436
8430.249023	-112.779259
8441.015625	-111.193962
8451.782227	-111.584206
8462.548828	-112.392319
8473.315430	-111.354500
8484.082031	-108.731590
8494.848633	-111.097107
8505.615234	-110.887421
8516.381836	-109.722580
8527.148438	-110.933113
8537.915039	-111.213631
8548.681641	-111.435226
8559.448242	-110.994362
8570.214844	-109.268997
8580.981445	-111.755142
8591.748047	-113.005508
8602.514648	-112.885902
8613.281250	-111.285683
8624.047852	-111.686203
8634.814453	-111.938576
8645.581055	-111.016579
8656.347656	-109.160118
8667.114258	-110.210655
8677.880859	-110.553574
8688.647461	-109.795059
8699.414062	-108.837723
8710.180664	-109.161194
8720.947266	-111.442322
8731.713867	-112.421295
8742.480469	-109.966698
8753.247070	-109.496590
8764.013672	-109.567596
8774.780273	-110.500427
8785.546875	-110.130730
8796.313477	-110.090973
8807.080078	-112.590958
8817.846680	-112.332634
8828.613281	-111.451004
8839.379883	-112.012909
8850.146484	-112.416435
8860.913086	-111.714272
8871.679688	-111.158340
8882.446289	-111.269745
8893.212891	-112.050476
8903.979492	-111.473053
8914.746094	-108.700188
8925.512695	-110.482956
8936.279297	-111.961128
8947.045898	-110.533592
8957.812500	-110.164940
8968.579102	-110.914787
8979.345703	-112.961250
8990.112305	-113.633331
9000.878906	-110.129044
9011.645508	-110.137329
9022.412109	-112.721710
9033.178711	-111.609634
9043.945312	-111.229393
9054.711914	-112.095573
9065.478516	-112.178001
9076.245117	-110.715340
9087.011719	-109.432716
9097.778320	-110.347145
9108.544922	-111.306915
9119.311523	-111.345436
9130.078125	-112.589561
9140.844727	-113.885399
9151.611328	-111.901917
9162.377930	-110.223122
9173.144531	-111.529930
9183.911133	-112.870903
9194.677734	-112.350616
9205.444336	-112.997772
9216.210938	-112.149971
9226.977539	-112.786697
9237.744141	-112.741127
9248.510742	-111.750328
9259.277344	-110.748978
9270.043945	-111.723526
9280.810547	-112.384705
9291.577148	-111.062798
9302.343750	-110.833176
9313.110352	-110.632820
9323.876953	-110.432899
9334.643555	-110.373260
9345.410156	-110.221924
9356.176758	-111.264771
9366.943359	-111.206985
9377.709961	-112.012215
9388.476562	-111.456276
9399.243164	-111.463943
9410.009766	-112.098450
9420.776367	-111.605263
9431.542969	-111.089478
9442.309570	-111.729576
9453.076172	-111.876381
9463.842773	-112.276405
9474.609375	-112.576546
9485.375977	-112.321983
9496.142578	-110.662407
9506.909180	-110.803291
9517.675781	-109.911423
9528.442383	-110.693245
9539.208984	-112.933296
9549.975586	-112.990913
9560.742188	-112.974380
9571.508789	-114.190811
9582.275391	-113.247223
9593.041992	-112.288483
9603.808594	-111.018127
9614.575195	-111.714310
9625.341797	-111.540268
9636.108398	-110.921921
9646.875000	-109.645905
9657.641602	-111.203941
9668.408203	-111.196831
9679.174805	-111.183197
9689.941406	-110.904663
9700.708008	-112.929825
9711.474609	-113.289276
9722.241211	-113.193115
9733.007812	-111.823883
9743.774414	-112.822998
9754.541016	-113.631737
9765.307617	-112.032997
9776.074219	-111.032074
9786.840820	-111.472778
9797.607422	-112.785370
9808.374023	-112.412018
9819.140625	-111.968803
9829.907227	-112.426468
9840.673828	-110.990654
9851.440430	-112.073914
9862.207031	-111.177841
9872.973633	-113.263451
9883.740234	-114.665962
9894.506836	-112.997086
9905.273438	-112.048851
9916.040039	-113.155411
9926.806641	-113.496094
9937.573242	-113.232819
9948.339844	-111.375465
9959.106445	-112.381737
9969.873047	-112.584770
9980.639648	-112.807037
9991.406250	-112.776627
10002.172852	-113.098083
10012.939453	-112.478043
10023.706055	-112.686195
10034.472656	-110.617012
10045.239258	-112.086136
10056.005859	-113.360466
10066.772461	-114.586441
10077.539062	-114.676262
10088.305664	-114.995628
10099.072266	-113.381752
10109.838867	-112.188919
10120.605469	-111.920723
10131.372070	-113.445442
10142.138672	-114.449921
10152.905273	-114.232681
10163.671875	-112.013176
10174.438477	-108.827248
10185.205078	-106.559792
10195.971680	-106.128357
10206.738281	-108.992599
10217.504883	-112.273430
10228.271484	-112.692780
10239.038086	-113.529869
10249.804688	-112.746437
10260.571289	-113.402351
10271.337891	-113.333778
10282.104492	-111.776176
10292.871094	-110.718155
10303.637695	-113.980690
10314.404297	-113.727257
10325.170898	-111.666725
10335.937500	-109.306847
10346.704102	-108.822266
10357.470703	-109.547295
10368.237305	-109.839470
10379.003906	-109.627838
10389.770508	-112.187874
10400.537109	-112.851181
10411.303711	-112.507721
10422.070312	-112.894020
10432.836914	-112.319023
10443.603516	-110.339760
10454.370117	-111.672157
10465.136719	-110.708786
10475.903320	-112.746101
10486.669922	-115.302666
10497.436523	-113.102463
10508.203125	-113.029274
10518.969727	-111.388306
10529.736328	-109.093277
10540.502930	-111.271484
10551.269531	-110.608032
10562.036133	-112.243584
10572.802734	-112.651695
10583.569336	-113.213234
10594.335938	-111.989540
10605.102539	-110.410431
10615.869141	-110.666519
10626.635742	-112.135368
10637.402344	-112.441429
10648.168945	-114.044296
10658.935547	-114.352463
10669.702148	-112.114258
10680.468750	-111.193840
10691.235352	-110.673599
10702.001953	-111.456322
10712.768555	-112.482277
10723.535156	-112.388733
10734.301758	-113.164230
10745.068359	-112.174957
10755.834961	-111.442230
10766.601562	-111.574440
10777.368164	-110.853073
10788.134766	-111.247574
10798.901367	-111.880112
10809.667969	-111.376816
10820.434570	-112.942261
10831.201172	-112.063690
10841.967773	-111.960815
10852.734375	-111.594566
10863.500977	-112.709244
10874.267578	-113.309944
10885.034180	-113.886223
10895.800781	-113.396271
10906.567383	-113.849823
10917.333984	-114.210136
10928.100586	-112.622612
10938.867188	-110.209465
10949.633789	-112.316673
10960.400391	-113.113655
10971.166992	-112.516396
10981.933594	-111.613235
10992.700195	-111.926834
11003.466797	-111.541763
11014.233398	-99.603111
11025.000000	-93.867256
11035.766602	-99.528755
11046.533203	-110.481506
11057.299805	-112.508652
11068.066406	-111.885262
11078.833008	-112.828423
11089.599609	-113.304001
11100.366211	-113.290840
11111.132812	-110.972656
11121.899414	-110.799454
11132.666016	-111.145775
11143.432617	-112.359123
11154.199219	-112.747856
11164.965820	-113.388557
11175.732422	-112.919518
11186.499023	-112.107574
11197.265625	-113.069382
11208.032227	-114.271942
11218.798828	-113.337601
11229.565430	-112.381226
11240.332031	-112.273743
11251.098633	-112.879456
11261.865234	-111.898109
11272.631836	-110.863594
11283.398438	-111.914078
11294.165039	-111.672714
11304.931641	-110.332413
11315.698242	-111.053993
11326.464844	-111.906761
11337.231445	-112.060516
11347.998047	-109.790344
11358.764648	-107.840370
11369.531250	-108.624924
11380.297852	-111.080261
11391.064453	-112.409904
11401.831055	-111.883781
11412.597656	-111.172569
11423.364258	-112.231079
11434.130859	-111.240974
11444.897461	-110.544754
11455.664062	-110.892181
11466.430664	-112.186775
11477.197266	-111.986328
11487.963867	-112.267982
11498.730469	-113.055885
11509.497070	-111.594276
11520.263672	-110.793549
11531.030273	-110.270935
11541.796875	-108.891785
11552.563477	-109.660172
11563.330078	-110.522919
11574.096680	-109.777504
11584.863281	-110.863441
11595.629883	-113.028641
11606.396484	-113.593788
11617.163086	-112.183708
11627.929688	-112.885559
11638.696289	-112.480827
11649.462891	-112.485847
11660.229492	-113.072716
11670.996094	-110.594238
11681.762695	-109.418510
11692.529297	-109.637932
11703.295898	-109.208008
11714.062500	-109.644150
11724.829102	-112.371376
11735.595703	-114.330124
11746.362305	-113.726685
11757.128906	-113.459183
11767.895508	-115.429977
11778.662109	-113.680481
11789.428711	-112.402138
11800.195312	-112.662552
11810.961914	-113.557510
11821.728516	-113.219589
11832.495117	-113.732063
11843.261719	-112.744247
11854.028320	-111.072937
11864.794922	-109.822960
11875.561523	-109.917717
11886.328125	-111.756805
11897.094727	-113.424614
11907.861328	-114.014153
11918.627930	-112.714806
11929.394531	-110.751259
11940.161133	-113.665230
11950.927734	-113.797173
11961.694336	-111.923523
11972.460938	-112.133507
11983.227539	-112.718613
11993.994141	-114.281944
12004.760742	-114.665092
12015.527344	-112.594437
12026.293945	-113.630852
12037.060547	-112.717049
12047.827148	-112.274696
12058.593750	-113.148849
12069.360352	-114.609344
12080.126953	-115.349289
12090.893555	-112.604370
12101.660156	-111.677757
12112.426758	-113.876518
12123.193359	-114.143288
12133.959961	-113.507057
12144.726562	-112.859856
12155.493164	-113.227829
12166.259766	-113.204491
12177.026367	-113.128853
12187.792969	-112.809326
12198.559570	-112.795311
12209.326172	-112.060760
12220.092773	-112.062332
12230.859375	-112.338188
12241.625977	-112.299232
12252.392578	-112.537155
12263.159180	-112.413971
12273.925781	-112.697495
12284.692383	-114.132828
12295.458984	-111.922951
12306.225586	-109.870392
12316.992188	-111.346222
12327.758789	-111.923042
12338.525391	-110.971397
12349.291992	-112.877686
12360.058594	-113.647690
12370.825195	-113.982773
12381.591797	-114.191071
12392.358398	-111.943398
12403.125000	-108.749710
12413.891602	-112.346069
12424.658203	-115.488731
12435.424805	-113.367210
12446.191406	-113.557213
12456.958008	-114.261093
12467.724609	-113.516724
12478.491211	-113.042854
12489.257812	-112.979553
12500.024414	-113.612564
12510.791016	-112.729782
12521.557617	-113.589760
12532.324219	-113.846115
12543.090820	-114.654114
12553.857422	-113.643837
12564.624023	-111.265671
12575.390625	-110.816948
12586.157227	-113.590843
12596.923828	-114.897858
12607.690430	-113.385361
12618.457031	-111.757835
12629.223633	-114.482071
12639.990234	-113.896233
12650.756836	-112.858910
12661.523438	-114.311150
12672.290039	-113.522057
12683.056641	-112.080978
12693.823242	-112.897530
12704.589844	-112.148369
12715.356445	-114.168533
12726.123047	-114.953773
12736.889648	-112.948692
12747.656250	-112.359619
12758.422852	-113.677063
12769.189453	-112.514709
12779.956055	-111.662308
12790.722656	-112.313438
12801.489258	-113.495522
12812.255859	-113.026115
12823.022461	-112.758835
12833.789062	-112.161423
12844.555664	-112.330818
12855.322266	-111.154762
12866.088867	-110.866112
12876.855469	-110.473526
12887.622070	-110.971054
12898.388672	-111.438126
12909.155273	-110.492386
12919.921875	-110.197426
12930.688477	-111.248093
12941.455078	-110.669418
12952.221680	-109.978271
12962.988281	-111.412689
12973.754883	-112.425186
12984.521484	-111.594193
12995.288086	-110.837074
13006.054688	-110.604858
13016.821289	-111.221962
13027.587891	-110.235245
13038.354492	-110.287384
13049.121094	-111.175163
13059.887695	-110.295052
13070.654297	-109.905624
13081.420898	-110.140427
13092.187500	-109.781822
13102.954102	-111.359406
13113.720703	-111.168289
13124.487305	-110.436111
13135.253906	-112.298683
13146.020508	-112.180115
13156.787109	-112.255676
13167.553711	-112.060921
13178.320312	-112.130272
13189.086914	-111.771561
13199.853516	-111.550194
13210.620117	-112.213860
13221.386719	-112.119614
13232.153320	-113.059608
13242.919922	-113.761864
13253.686523	-112.625633
13264.453125	-110.533554
13275.219727	-111.644493
13285.986328	-111.333237
13296.752930	-110.133484
13307.519531	-111.945488
13318.286133	-112.749512
13329.052734	-111.665085
13339.819336	-111.946846
13350.585938	-112.637383
13361.352539	-112.633659
13372.119141	-111.349876
13382.885742	-111.639694
13393.652344	-111.644821
13404.418945	-110.949631
13415.185547	-112.674850
13425.952148	-113.131340
13436.718750	-114.830055
13447.485352	-115.747314
13458.251953	-114.364418
13469.018555	-114.022697
13479.785156	-113.621956
13490.551758	-112.841644
13501.318359	-112.804077
13512.084961	-113.240952
13522.851562	-112.557289
13533.618164	-113.903328
13544.384766	-114.637604
13555.151367	-114.166084
13565.917969	-112.760223
13576.684570	-111.328827
13587.451172	-112.501289
13598.217773	-112.265976
13608.984375	-111.523773
13619.750977	-113.047585
13630.517578	-113.537460
13641.284180	-113.594154
13652.050781	-112.343987
13662.817383	-113.191177
13673.583984	-112.661034
13684.350586	-112.687302
13695.117188	-112.583359
13705.883789	-112.416588
13716.650391	-112.092903
13727.416992	-112.576241
13738.183594	-112.929184
13748.950195	-112.643547
13759.716797	-112.093018
13770.483398	-110.731537
13781.250000	-109.377708
13792.016602	-111.097847
13802.783203	-112.238922
13813.549805	-112.625023
13824.316406	-112.932266
13835.083008	-114.360130
13845.849609	-114.529564
13856.616211	-113.468704
13867.382812	-113.020271
13878.149414	-113.300270
13888.916016	-113.299446
13899.682617	-114.520264
13910.449219	-115.629730
13921.215820	-115.769035
13931.982422	-114.364296
13942.749023	-112.770821
13953.515625	-112.925934
13964.282227	-114.986061
13975.048828	-114.220230
13985.815430	-115.091980
13996.582031	-114.143379
14007.348633	-114.378265
14018.115234	-114.210632
14028.881836	-114.417953
14039.648438	-114.065605
14050.415039	-115.352234
14061.181641	-113.917900
14071.948242	-113.685555
14082.714844	-112.783958
14093.481445	-113.113518
14104.248047	-113.716156
14115.014648	-113.495064
14125.781250	-113.227341
14136.547852	-114.611000
14147.314453	-115.937553
14158.081055	-114.532310
14168.847656	-112.983604
14179.614258	-113.291801
14190.380859	-112.409454
14201.147461	-110.509758
14211.914062	-110.156487
14222.680664	-111.858551
14233.447266	-112.271461
14244.213867	-113.812225
14254.980469	-114.765121
14265.747070	-113.785934
14276.513672	-114.031494
14287.280273	-113.723000
14298.046875	-113.241570
14308.813477	-113.817085
14319.580078	-115.308159
14330.346680	-115.623520
14341.113281	-115.151260
14351.879883	-114.491165
14362.646484	-112.724701
14373.413086	-112.140160
14384.179688	-112.083153
14394.946289	-111.543655
14405.712891	-111.431870
14416.479492	-112.289085
14427.246094	-113.285408
14438.012695	-112.744049
14448.779297	-112.756798
14459.545898	-113.376572
14470.312500	-112.048256
14481.079102	-113.046211
14491.845703	-113.041870
14502.612305	-113.320114
14513.378906	-113.723022
14524.145508	-114.014404
14534.912109	-114.393295
14545.678711	-113.421753
14556.445312	-110.992386
14567.211914	-112.365982
14577.978516	-112.925591
14588.745117	-111.574249
14599.511719	-111.252060
14610.278320	-112.060631
14621.044922	-110.769386
14631.811523	-111.103050
14642.578125	-112.540009
14653.344727	-112.278229
14664.111328	-112.106407
14674.877930	-112.303459
14685.644531	-111.995384
14696.411133	-111.651855
14707.177734	-111.914429
14717.944336	-112.582405
14728.710938	-112.047089
14739.477539	-111.374161
14750.244141	-113.030495
14761.010742	-113.213974
14771.777344	-112.471046
14782.543945	-113.121788
14793.310547	-113.065475
14804.077148	-112.691597
14814.843750	-112.321968
14825.610352	-110.852104
14836.376953	-111.432838
14847.143555	-112.423492
14857.910156	-112.355080
14868.676758	-113.806595
14879.443359	-113.832123
14890.209961	-113.440498
14900.976562	-112.642525
14911.743164	-112.956055
14922.509766	-113.086670
14933.276367	-112.770111
14944.042969	-112.896301
14954.809570	-112.098564
14965.576172	-112.489777
14976.342773	-112.459869
14987.109375	-110.930626
14997.875977	-111.040848
15008.642578	-112.649742
15019.409180	-114.631012
15030.175781	-112.989075
15040.942383	-112.932671
15051.708984	-113.929077
15062.475586	-113.260109
15073.242188	-111.646004
15084.008789	-111.626709
15094.775391	-111.849037
15105.541992	-110.473518
15116.308594	-109.369484
15127.075195	-111.147034
15137.841797	-111.682220
15148.608398	-110.248352
15159.375000	-108.909775
15170.141602	-109.669388
15180.908203	-110.263329
15191.674805	-111.461411
15202.441406	-108.674065
15213.208008	-109.508263
15223.974609	-112.605980
15234.741211	-111.746880
15245.507812	-112.663010
15256.274414	-109.916862
15267.041016	-109.238960
15277.807617	-110.292404
15288.574219	-109.845016
15299.340820	-110.961143
15310.107422	-109.996109
15320.874023	-109.694603
15331.640625	-110.845428
15342.407227	-110.000031
15353.173828	-109.910294
15363.940430	-111.797012
15374.707031	-111.839035
15385.473633	-111.642990
15396.240234	-111.865402
15407.006836	-112.792213
15417.773438	-112.176369
15428.540039	-111.106056
15439.306641	-110.907768
15450.073242	-111.847488
15460.839844	-110.440620
15471.606445	-111.072685
15482.373047	-111.994514
15493.139648	-111.197266
15503.906250	-110.447624
15514.672852	-110.084213
15525.439453	-110.652519
15536.206055	-111.620132
15546.972656	-110.241776
15557.739258	-110.276909
15568.505859	-113.302689
15579.272461	-113.904106
15590.039062	-112.869041
15600.805664	-113.634834
15611.572266	-114.129730
15622.338867	-112.268318
15633.105469	-111.657532
15643.872070	-113.137871
15654.638672	-115.040306
15665.405273	-116.170883
15676.171875	-112.718765
15686.938477	-113.391296
15697.705078	-114.669670
15708.471680	-113.291924
15719.238281	-115.439484
15730.004883	-118.212738
15740.771484	-121.027420
15751.538086	-123.941902
15762.304688	-128.657379
15773.071289	-136.945618
15783.837891	-136.977539
15794.604492	-137.617294
15805.371094	-140.966614
15816.137695	-141.175858
15826.904297	-140.881836
15837.670898	-143.687607
15848.437500	-149.407959
15859.204102	-146.161514
15869.970703	-144.427139
15880.737305	-145.522369
15891.503906	-146.857117
15902.270508	-145.919434
15913.037109	-146.311417
15923.803711	-148.970840
15934.570312	-143.820801
15945.336914	-141.679565
15956.103516	-142.361969
15966.870117	-142.918304
15977.636719	-142.157745
15988.403320	-139.692688
15999.169922	-140.992218
16009.936523	-141.020279
16020.703125	-142.514557
16031.469727	-143.737946
16042.236328	-143.768509
16053.002930	-145.434189
16063.769531	-145.968933
16074.536133	-148.108093
16085.302734	-148.398178
16096.069336	-149.488922
16106.835938	-149.874863
16117.602539	-148.221237
16128.369141	-151.935577
16139.135742	-158.354324
16149.902344	-162.335754
16160.668945	-162.462891
16171.435547	-161.853134
16182.202148	-155.760635
16192.968750	-141.575653
16203.735352	-135.880920
16214.501953	-138.972397
16225.268555	-153.237900
16236.035156	-160.494156
16246.801758	-153.200806
16257.568359	-150.390686
16268.334961	-154.060699
16279.101562	-152.996216
16289.868164	-150.583221
16300.634766	-155.790909
16311.401367	-167.079758
16322.167969	-173.807846
16332.934570	-176.524796
16343.701172	-180.554001
16354.467773	-180.281509
16365.234375	-178.525940
16376.000977	-179.295807
16386.767578	-183.658859
16397.534180	-182.354111
16408.300781	-184.115738
16419.067383	-187.124405
16429.833984	-184.103806
16440.600586	-179.206696
16451.367188	-175.415985
16462.133789	-174.747391
16472.900391	-176.374008
16483.666992	-174.993149
16494.433594	-177.273621
16505.200195	-182.716797
16515.966797	-185.331177
16526.733398	-181.776917
16537.500000	-176.898163
16548.266602	-181.698212
16559.033203	-187.381424
16569.799805	-182.606308
16580.566406	-176.502075
16591.333008	-173.359024
16602.099609	-174.038071
16612.866211	-171.484634
16623.632812	-171.213333
16634.399414	-175.334885
16645.166016	-178.006119
16655.932617	-180.477173
16666.699219	-184.264008
16677.465820	-185.226791
16688.232422	-187.782761
16698.999023	-185.452972
16709.765625	-183.265793
16720.532227	-176.806747
16731.298828	-173.560486
16742.065430	-169.327560
16752.832031	-168.623734
16763.598633	-162.872314
16774.365234	-152.593811
16785.131836	-147.551117
16795.898438	-150.564316
16806.665039	-154.193008
16817.431641	-152.044556
16828.198242	-158.258667
16838.964844	-173.141129
16849.731445	-163.779251
16860.498047	-149.118317
16871.264648	-145.740799
16882.031250	-150.920898
16892.797852	-164.363770
16903.564453	-173.307709
16914.331055	-177.424530
16925.097656	-175.636658
16935.864258	-165.147125
16946.630859	-154.561676
16957.397461	-151.834137
16968.164062	-157.103775
16978.930664	-169.405411
16989.697266	-180.860413
17000.463867	-180.256180
17011.230469	-173.673431
17021.997070	-160.139923
17032.763672	-154.648697
17043.530273	-156.819046
17054.296875	-158.747543
17065.063477	-153.800354
17075.830078	-151.613571
17086.596680	-150.316315
17097.363281	-154.814285
17108.129883	-162.328110
17118.896484	-170.971344
17129.663086	-175.228226
17140.429688	-177.341705
17151.196289	-175.918121
17161.962891	-174.841095
17172.729492	-165.417389
17183.496094	-154.405731
17194.262695	-148.651474
17205.029297	-148.068085
17215.795898	-151.917023
17226.562500	-158.438293
17237.329102	-155.763611
17248.095703	-152.652512
17258.862305	-153.715485
17269.628906	-159.964615
17280.395508	-170.535278
17291.162109	-175.530228
17301.928711	-173.626984
17312.695312	-173.600403
17323.461914	-171.673355
17334.228516	-165.779663
17344.995117	-156.457764
17355.761719	-150.821289
17366.528320	-148.639084
17377.294922	-149.751633
17388.061523	-150.628036
17398.828125	-152.633255
17409.594727	-148.550949
17420.361328	-145.452911
17431.127930	-150.871582
17441.894531	-164.569672
17452.661133	-171.614517
17463.427734	-173.026413
17474.194336	-162.875580
17484.960938	-152.545013
17495.727539	-148.654648
17506.494141	-152.508942
17517.260742	-165.171600
17528.027344	-178.545807
17538.793945	-180.300903
17549.560547	-175.360077
17560.327148	-165.313263
17571.093750	-150.634293
17581.860352	-144.559280
17592.626953	-147.415466
17603.393555	-160.665070
17614.160156	-161.545532
17624.926758	-150.023178
17635.693359	-145.873276
17646.459961	-149.760117
17657.226562	-151.910477
17667.993164	-149.730225
17678.759766	-155.733398
17689.526367	-168.450287
17700.292969	-176.009079
17711.059570	-178.558395
17721.826172	-181.378784
17732.592773	-182.456696
17743.359375	-183.108459
17754.125977	-182.276352
17764.892578	-184.717072
17775.659180	-185.761276
17786.425781	-188.791641
17797.192383	-189.300339
17807.958984	-190.393646
17818.725586	-185.819183
17829.492188	-181.002014
17840.258789	-179.176620
17851.025391	-179.496597
17861.791992	-176.584045
17872.558594	-178.341232
17883.325195	-182.841293
17894.091797	-186.632095
17904.858398	-178.218399
17915.625000	-172.196732
17926.391602	-178.069397
17937.158203	-190.130112
17947.924805	-188.935837
17958.691406	-185.768219
17969.458008	-182.390274
17980.224609	-181.725342
17990.991211	-178.874649
18001.757812	-178.960663
18012.524414	-182.516510
18023.291016	-183.832565
18034.057617	-185.145493
18044.824219	-183.509598
18055.590820	-181.471832
18066.357422	-177.911545
18077.124023	-173.379990
18087.890625	-173.484238
18098.657227	-169.608994
18109.423828	-166.872101
18120.190430	-164.175079
18130.957031	-164.257385
18141.723633	-159.485687
18152.490234	-149.173294
18163.256836	-143.992523
18174.023438	-146.774994
18184.790039	-146.854233
18195.556641	-143.315964
18206.323242	-147.649567
18217.089844	-159.275543
18227.856445	-158.727005
18238.623047	-145.303116
18249.389648	-142.458755
18260.156250	-148.521835
18270.922852	-163.208603
18281.689453	-173.192001
18292.456055	-178.820755
18303.222656	-175.988510
18313.989258	-163.764603
18324.755859	-151.722488
18335.522461	-148.270279
18346.289062	-152.734100
18357.055664	-164.259735
18367.822266	-175.935516
18378.588867	-176.911102
18389.355469	-176.280670
18400.122070	-170.034164
18410.888672	-162.049561
18421.655273	-161.275299
18432.421875	-162.615036
18443.188477	-161.588364
18453.955078	-159.333221
18464.721680	-155.230881
18475.488281	-156.755936
18486.254883	-162.910553
18497.021484	-170.707367
18507.788086	-175.444061
18518.554688	-178.233994
18529.321289	-179.684540
18540.087891	-174.947205
18550.854492	-164.240692
18561.621094	-152.642395
18572.387695	-146.738541
18583.154297	-145.693695
18593.920898	-148.746979
18604.687500	-156.217712
18615.454102	-157.943970
18626.220703	-156.836594
18636.987305	-158.845978
18647.753906	-164.801147
18658.520508	-173.593750
18669.287109	-181.432190
18680.053711	-181.837082
18690.820312	-180.395950
18701.586914	-178.857376
18712.353516	-173.928162
18723.120117	-163.811752
18733.886719	-151.666626
18744.653320	-146.861526
18755.419922	-148.849731
18766.186523	-150.953278
18776.953125	-151.380341
18787.719727	-145.968430
18798.486328	-143.075531
18809.252930	-148.612839
18820.019531	-163.122803
18830.786133	-171.978607
18841.552734	-172.915298
18852.319336	-161.197281
18863.085938	-150.364029
18873.852539	-146.142670
18884.619141	-149.667725
18895.385742	-161.594879
18906.152344	-174.046967
18916.918945	-177.393051
18927.685547	-171.795624
18938.452148	-161.675827
18949.218750	-147.105499
18959.985352	-141.078751
18970.751953	-143.914322
18981.518555	-157.136368
18992.285156	-156.550903
19003.051758	-144.741959
19013.818359	-140.405670
19024.584961	-144.135300
19035.351562	-145.153381
19046.118164	-142.736267
19056.884766	-148.436203
19067.651367	-160.184006
19078.417969	-167.379410
19089.184570	-169.287216
19099.951172	-174.094727
19110.717773	-178.395599
19121.484375	-183.951874
19132.250977	-184.460358
19143.017578	-187.786469
19153.784180	-187.872421
19164.550781	-186.245911
19175.317383	-183.607697
19186.083984	-182.445679
19196.850586	-181.100967
19207.617188	-177.422455
19218.383789	-177.319946
19229.150391	-179.125137
19239.916992	-177.589401
19250.683594	-179.560379
19261.450195	-183.261063
19272.216797	-185.336227
19282.983398	-174.738419
19293.750000	-168.739777
19304.516602	-174.576981
19315.283203	-188.452576
19326.049805	-186.804642
19336.816406	-182.904617
19347.583008	-181.922348
19358.349609	-185.431122
19369.116211	-188.486237
19379.882812	-189.407501
19390.649414	-187.690536
19401.416016	-185.789001
19412.182617	-185.188782
19422.949219	-186.139084
19433.715820	-185.222000
19444.482422	-184.222595
19455.249023	-181.834747
19466.015625	-183.425079
19476.782227	-182.708359
19487.548828	-180.493744
19498.315430	-178.017303
19509.082031	-177.891998
19519.848633	-172.760864
19530.615234	-163.251572
19541.381836	-158.527191
19552.148438	-161.655899
19562.915039	-169.916199
19573.681641	-165.867889
19584.448242	-165.778687
19595.214844	-170.856537
19605.981445	-162.298477
19616.748047	-147.852310
19627.514648	-144.665100
19638.281250	-150.072037
19649.047852	-163.426147
19659.814453	-172.323273
19670.581055	-174.591827
19681.347656	-170.227890
19692.114258	-157.324371
19702.880859	-145.293716
19713.647461	-141.845093
19724.414062	-146.293808
19735.180664	-157.700775
19745.947266	-170.673294
19756.713867	-172.625458
19767.480469	-166.592941
19778.247070	-153.772903
19789.013672	-148.849548
19799.780273	-151.952774
19810.546875	-154.951370
19821.313477	-149.105286
19832.080078	-145.626389
19842.846680	-143.305847
19853.613281	-147.526428
19864.379883	-156.534592
19875.146484	-165.349060
19885.913086	-171.758911
19896.679688	-177.221893
19907.446289	-178.419388
19918.212891	-176.499939
19928.979492	-166.928177
19939.746094	-154.632263
19950.512695	-147.969849
19961.279297	-146.373428
19972.045898	-149.039108
19982.812500	-155.256195
19993.579102	-151.340424
20004.345703	-149.287720
20015.112305	-151.325195
20025.878906	-158.220413
20036.645508	-170.518723
20047.412109	-181.999176
20058.178711	-182.840088
20068.945312	-177.255722
20079.711914	-170.486649
20090.478516	-161.979248
20101.245117	-153.935822
20112.011719	-149.464127
20122.778320	-147.753799
20133.544922	-150.523041
20144.311523	-153.750748
20155.078125	-157.430237
20165.844727	-154.178497
20176.611328	-151.106354
20187.377930	-156.601410
20198.144531	-170.204147
20208.911133	-176.421097
20219.677734	-178.673004
20230.444336	-176.057251
20241.210938	-168.611862
20251.977539	-164.753601
20262.744141	-167.830795
20273.510742	-178.299744
20284.277344	-183.694550
20295.043945	-182.429947
20305.810547	-175.860931
20316.577148	-164.413162
20327.343750	-149.480225
20338.110352	-143.312180
20348.876953	-146.090698
20359.643555	-159.744186
20370.410156	-163.504471
20381.176758	-153.787949
20391.943359	-150.394394
20402.709961	-154.337814
20413.476562	-155.981247
20424.243164	-153.799805
20435.009766	-158.940689
20445.776367	-169.691544
20456.542969	-176.571243
20467.309570	-177.088028
20478.076172	-177.979279
20488.842773	-177.984207
20499.609375	-176.887726
20510.375977	-174.501480
20521.142578	-177.072968
20531.909180	-177.788025
20542.675781	-179.067093
20553.442383	-178.852875
20564.208984	-178.111923
20574.975586	-178.967575
20585.742188	-178.952820
20596.508789	-181.050095
20607.275391	-182.921234
20618.041992	-179.183914
20628.808594	-180.236847
20639.575195	-182.719162
20650.341797	-185.075974
20661.108398	-174.916626
20671.875000	-168.921478
20682.641602	-174.974594
20693.408203	-188.297256
20704.174805	-190.851364
20714.941406	-187.778214
20725.708008	-185.712479
20736.474609	-184.447128
20747.241211	-179.285202
20758.007812	-177.651535
20768.774414	-179.596893
20779.541016	-181.156738
20790.307617	-182.773285
20801.074219	-183.169525
20811.840820	-182.702026
20822.607422	-181.897293
20833.374023	-179.493851
20844.140625	-180.926483
20854.907227	-179.020065
20865.673828	-174.889053
20876.440430	-170.165115
20887.207031	-167.985016
20897.973633	-160.909378
20908.740234	-149.895020
20919.506836	-144.615509
20930.273438	-147.289505
20941.040039	-150.942261
20951.806641	-149.589096
20962.573242	-156.379364
20973.339844	-168.673660
20984.106445	-156.859131
20994.873047	-142.318619
21005.639648	-139.068512
21016.406250	-144.543274
21027.172852	-158.314880
21037.939453	-168.540039
21048.706055	-175.513870
21059.472656	-174.585342
21070.239258	-168.512817
21081.005859	-158.560410
21091.772461	-155.435089
21102.539062	-159.824188
21113.305664	-169.868835
21124.072266	-180.714340
21134.838867	-182.863281
21145.605469	-178.414612
21156.372070	-160.119659
21167.138672	-152.779938
21177.905273	-153.800369
21188.671875	-158.496292
21199.438477	-158.946182
21210.205078	-153.988312
21220.971680	-146.549362
21231.738281	-145.282867
21242.504883	-148.963089
21253.271484	-157.296204
21264.038086	-165.673172
21274.804688	-172.694550
21285.571289	-177.817627
21296.337891	-174.784698
21307.104492	-165.675842
21317.871094	-155.173645
21328.637695	-150.337646
21339.404297	-150.957733
21350.170898	-156.358337
21360.937500	-159.168823
21371.704102	-154.386826
21382.470703	-154.886139
21393.237305	-160.998901
21404.003906	-172.654739
21414.770508	-178.186523
21425.537109	-177.371017
21436.303711	-175.613022
21447.070312	-175.227722
21457.836914	-172.131668
21468.603516	-165.290573
21479.370117	-156.398941
21490.136719	-151.166962
21500.903320	-151.159653
21511.669922	-156.473984
21522.436523	-159.222076
21533.203125	-161.314880
21543.969727	-163.670258
21554.736328	-160.526230
21565.502930	-162.832886
21576.269531	-171.082062
21587.036133	-174.741348
21597.802734	-172.306015
21608.569336	-160.685974
21619.335938	-150.448837
21630.102539	-146.979645
21640.869141	-151.289856
21651.635742	-164.784821
21662.402344	-176.939392
21673.168945	-176.401901
21683.935547	-168.389740
21694.702148	-157.965256
21705.468750	-143.769119
21716.235352	-138.079269
21727.001953	-141.189789
21737.768555	-155.396179
21748.535156	-163.580063
21759.301758	-156.268494
21770.068359	-152.938858
21780.834961	-156.458160
21791.601562	-156.267075
21802.368164	-153.781052
21813.134766	-159.518875
21823.901367	-172.311829
21834.667969	-182.463135
21845.434570	-185.039627
21856.201172	-182.005112
21866.967773	-183.093613
21877.734375	-183.853699
21888.500977	-183.142120
21899.267578	-185.250183
21910.034180	-184.541122
21920.800781	-182.764587
21931.567383	-183.065216
21942.333984	-181.237930
21953.100586	-177.026184
21963.867188	-173.399918
21974.633789	-173.489594
21985.400391	-176.604858
21996.166992	-175.657349
22006.933594	-178.560791
22017.700195	-183.751343
22028.466797	-186.555984
22039.233398	-187.936432
